519515718123925504,
514400701561065472,
499635896329580544,
560684287905644545,
536074526161776641,
523799922009591809,
480417452543574018,
519911592184406017,
402399608732545025,
552042823797600256,
553907643480154112,
523799921095241728,
548417471426744323,
496900422053793794,
499251340099321856,
512291568640724992,
497808582276960256,
454514542085537793,
522150021072818177,
522013105086140416,
581011618693132288,
528077998629478400,
550193117714849793,
532679074276052994,
522485118393257984,
531933754889998336,
524194501393276928,
512899468060917761,
431123036276654080,
555423260842524672,
519755384915886081,
501477474195095552,
551711100115251200,
395454964044017664,
562203607815045121,
519449462305861632,
524944707831341056,
537734163059585024,
559670059367292929,
553925955916693506,
484940692385312769,
549696529892507649,
558569930287616002,
436431913746583552,
522986510014873600,
507128386985021440,
522115476856389632,
392563576411406336,
568349213039280129,
542552266549391360,
524451725634064384,
496002985986510848,
572483768163819520,
520950883203297280,
520133371196739584,
528430301546950657,
583398283441119232,
502536357365809152,
567696214045372416,
484280556138409985,
551033133630386179,
552425663295401987,
520864148956016640,
537775235039129600,
547434310706282496,
494642354192527361,
497437505545723904,
532243781429370880,
557061335515537408,
485019797596299265,
507735827460272129,
430999981596487682,
521000953609084929,
576391333520142336,
436813713681547266,
573118626405879810,
497437504824295424,
484583514289893376,
536074527273263104,
534983064795889665,
519978948503932928,
551984206595637248,
562148486007623680,
417948661297864704,
567866000562982913,
547709288693497856,
529774803100504064,
433401345656123393,
539807241990184962,
521593741644029952,
510213914533965824,
524627473418301440,
555165995455623168,
529451650222522368,
583745704021008384,
431325720283856896,
518977467059412993,
545228032835727360,
450633548634931201,
510195997301948416